m = -0.17337422921168077sigma =  1.2628009871210042
i = 0  delta = -0.2  n = 8.0  p_i = 0.4915890478081621  temp_v = 1.4973279744019796
i = 1  delta = 0.0  n = 2.0  p_i = 0.06301150495123226  temp_v = 0.11450645570415076
i = 2  delta = 0.2  n = 4.0  p_i = 0.06165895518430631  temp_v = 3.921150247573352
i = 3  delta = inf  n = 11.0  p_i = 0.38374049205629934  temp_v = 0.2062026486380639

hi_square = 5.739187326317546
