m = 0.19804489878541084sigma =  0.6561873595614276
i = 0  delta = -1.0  n = 1.0  p_i = 0.03394272071587379  temp_v = 0.02702393293177112
i = 1  delta = 0.0  n = 12.0  p_i = 0.3474551567760804  temp_v = 1.2640577584358115
i = 2  delta = 1.0  n = 8.0  p_i = 0.507775435401475  temp_v = 1.7359846342475844
i = 3  delta = inf  n = 4.0  p_i = 0.11082668710657084  temp_v = 0.5454495582345443

hi_square = 3.5725158838497117
